a = 8152
b = 27361080
c = 81.00
d = 33.73
e = 21
f = 2
g = 2.00
h = 21.00
i = 21.00
j = 2
k = 22.00

Circumference = 23.567 
Area = 44.198
14 feet is 4.267200 metres
76 f is 24.444444 C